100
0.2817839606661885
0.06718282611386017
0.758868688147695
0.42440211765358293
0.6350960799778523
0.5650645271774022
0.6416160152944269
0.07061651836362104
0.7379809844553192
0.922576531268967
0.7752659522768487
0.5659418226549982
0.9585616090484445
0.5105988008680366
0.912113225642308
0.5930076843774936
0.8438153788082728
0.9612162591369507
0.15794178616409982
0.891411071079284
0.5428687469828695
0.3922872771522802
0.6976205141458074
0.9956396100842915
0.22656426407684782
0.9193461394204672
0.4042893587467754
0.8894001683998726
0.14567577959056033
0.6582507338285116
0.3326546938268724
0.08941469698911941
0.9552139429983747
0.337372864347137
0.994222411800572
0.14826322188561225
0.9782405888852019
0.8357064021057754
0.90062709463276
0.5347914683564339
0.4250887383987758
0.2901026579505803
0.7282035450668184
0.19064559176827667
0.5437917447200444
0.044462533819190075
0.5813517909366335
0.5681327100908993
0.28914845924114174
0.47142598678157743
0.5224087757435504
0.886646920665114
0.5538321343520461
0.029275690960040457
0.7674362848288326
0.32999299934942217
0.5888290476369961
0.27628816777237397
0.7238927585212436
0.6054848705983233
0.21521086600738926
0.6805141553546614
0.21805109953943347
0.4912511073243795
0.8117483232408755
0.10972681213957092
0.057625715161870095
0.13229461893724248
0.023358313816591703
0.12397123083852568
0.6603761076808052
0.17963555810784904
0.8307755467689407
0.3737102903850743
0.6843213484048478
0.9617527875755322
0.20989637464888322
0.2110521965569655
0.5581746366949446
0.878639222312266
0.8811298816885298
0.356793588191205
0.42154892584121173
0.8823151689226518
0.214623564900692
0.40083360056958206
0.18293676335230857
0.37480250868482345
0.5762881059880299
0.010094833350646315
0.688355402512305
0.19203773955221903
0.873210412593937
0.2155706875272244
0.026445476923159017
0.6332995173463432
0.07719993387885526
0.8835898421261946
0.6250916506051681
0.7355148838336835
